57596
52153
31511
34450
30091
61962
42345
38367
41932
62710
32615
36038
48029
19638
62907
35683
15805
64473
40971
43102
7743
7825
10402
14208
13721
50571
6641
30803
29450
42597
41490
23771
34042
63699
24230
24588
61432
7951
34714
4868
32885
7718
17712
65056
50987
6201
51221
12667
55796
56066
61615
52712
60347
39189
16508
30237
54073
16397
13385
58786
15139
51616
29694
29412
48077
56728
58158
31023
24617
8016
10450
10514
17099
22164
51896
1963
50527
4656
15969
6701
64070
30217
3075
57430
54925
12219
15545
33142
42823
24483
10600
63911
41387
63773
28792
23211
40596
20463
25538
60276
41276
23180
57736
54600
31683
34113
62078
15227
6946
45547
5738
54689
62797
22141
14514
4565
2129
19184
24811
12147
28065
12581
22749
55555
60139
61290
25719
22486
9830
13423
28681
17325
20914
43649
41328
26288
43127
25415
20569
45116
2258
9709
5163
25095
2113
62332
51805
59631
8565
6281
24976
63444
11146
5241
29598
52492
2733
5582
40565
64837
6868
42068
24643
34380
61325
44545
31267
17530
46557
44548
29899
35761
28570
14132
30649
39989
55271
14363
52263
55632
36821
51034
60744
5907
5593
57158
11719
29394
29715
57367
45786
2609
50525
62573
46679
31910
2408
3333
50892
36192
59777
23123
42307
63029
19405
15762
45100
43344
63126
10978
47167
25988
14929
62404
4854
51782
7229
16548
40303
37660
56950
31088
48488
32849
59880
7444
52189
52017
1167
11708
28882
4110
44863
18617
33131
63295
25662
42239
52106
55658
61224
13877
48231
18874
361
50505
1261
9218
39280
58833
50791
9074
32572
16942
40869
29435
33860
793
19750
20678
63516
55966
53634
7290
52221
64152
5492
47845
44702
33765
9136
33572
21754
37327
2945
12171
38104
15646
47389
64059
43123
57314
54030
61463
14517
40616
48193
3907
51866
8632
326
20202
7443
22913
45237
44622
30056
51301
55642
49242
59602
49786
51262
22609
22754
19754
48152
27315
7726
13754
58935
27944
40648
51830
31252
28431
15859
38661
44932
23843
62700
5515
24353
56070
21364
29605
57473
28742
52903
6354
7476
29044
59214
21259
9599
45975
25389
31483
46058
16092
16486
37743
56795
34595
11183
13155
4422
15395
43940
51215
33976
14744
18831
34939
28529
6321
15454
61134
62940
6293
18974
6410
25210
41772
6258
64338
26708
24339
12950
64924
8304
11864
60550
9716
50115
30093
40027
50032
52572
48604
38382
9477
59534
2501
61091
65201
31700
48365
26915
63309
40523
40514
28703
30170
8785
32544
48351
11976
7965
21496
64
29827
64622
53739
35637
47867
41450
55984
50478
43008
44730
29581
2886
2668
55440
42775
141
1163
2770
23147
8038
64281
4746
51087
35498
38376
32980
22037
21718
31221
38820
62259
10418
51889
8820
47493
64342
57795
55734
47262
4085
48583
39748
27728
35915
8676
20356
1125
28019
15756
43243
63183
12849
30175
9782
37211
46632
54500
28000
56187
49804
65219
31239
14095
55759
58919
27762
54794
58786
57258
29221
29976
12064
64637
9506
26378
30884
38646
28378
3090
5557
54349
65180
26861
28691
11793
29815
61310
55070
16313
45018
18924
41356
33232
8354
24018
17873
63573
24633
60435
58691
21951
49909
30313
62971
41871
32395
7018
61651
7402
42259
14129
45414
52082
45935
17
9782
25341
10666
26162
62702
20928
25342
61615
21258
35009
11512
36193
56130
61325
59659
36781
1388
5968
64716
55633
54762
42958
6799
11249
44308
17813
20783
23972
64198
44953
40448
62522
14460
27611
59917
64625
31117
13044
23461
43581
16190
2449
55710
61414
506
35190
40482
10524
5108
45445
3689
49118
32932
57895
31459
16622
18741
43311
25364
16194
40383
10830
49419
8036
20121
18402
21861
1882
54848
63262
64783
48062
52164
10984
35108
51563
56594
34429
5692
33440
18673
9191
26307
47445
12136
32593
43688
52355
34163
24354
30966
17909
27740
62971
38256
32707
38443
40791
42922
20110
3410
24076
64050
40333
34543
38247
4610
1667
37347
32328
51234
24373
50000
18940
5183
49935
3901
12413
58936
63399
64590
18396
63944
221
22595
45790
8518
777
39381
46498
63156
2455
41171
38085
33790
11453
2084
54783
18301
50149
37888
54566
63543
39507
23154
30162
49360
25184
21033
40207
61421
14374
52585
42916
44192
55412
45360
7412
23516
6822
44378
52316
36064
13898
26189
30642
25770
50581
1336
20800
16276
20245
30255
21122
13052
20660
17601
48020
2855
22386
25962
38217
37357
4006
48480
37481
19745
31662
10352
8948
24265
39181
28341
30566
57531
51235
49025
54747
34814
50968
7368
18348
54764
8193
49248
55384
54430
37393
4944
28188
48347
26927
52403
34304
52467
29606
19110
43157
40168
34332
6489
24120
58355
22514
56374
25080
43441
12462
47137
13585
28827
65412
54672
27402
60341
19364
19117
48033
7552
7147
33392
19588
23955
51741
8803
44368
13339
24195
14169
42207
29174
57101
38596
27575
37019
10126
32663
1202
37296
49381
34954
38691
6728
33236
21193
33974
58521
61355
40271
15818
21443
40260
40782
57529
41777
38467
48321
36936
62889
2421
2083
15133
16919
20914
48522
42481
36197
34530
11803
52403
982
25492
64890
49168
51513
25665
15747
44277
57506
5906
54682
42788
29136
875
49802
36619
16122
59913
30772
12706
4308
20378
63503
51223
43854
56893
52218
49123
60258
42230
56743
13219
38939
12474
17617
32058
18012
59335
25339
37700
13095
38858
36857
33367
57829
20405
57297
54979
34755
4638
9857
35188
14482
47597
57700
21078
31039
17413
32341
49403
22047
11040
3802
18636
39929
23018
40774
28053
2209
34983
34810
22447
38578
26970
22242
30928
50843
30277
43643
17329
33046
21587
8961
48606
58208
46160
39809
23546
42905
17577
12360
57863
37541
20543
19494
11051
14360
61360
30497
51931
52036
30691
61737
29982
40433
62591
5847
20539
20596
50634
3871
37055
48995
53636
35803
40128
2059
27531
19892
1416
57726
8239
17256
52009
19342
46340
15856
62589
45816
65519
23545
46016
4375
64969
8308
15529
57752
56274
5979
35054
41057
22598
33329
31621
43299
119
41025
54892
1918
54350
14104
449
65010
51753
19109
45767
43528
35119
54179
38231
20632
36167
25449
30494
5326
17773
18265
25067
27473
48485
63727
7515
46927
3273
41885
51417
38152
16830
50087
31061
17288
23349
27498
55918
63806
22484
31438
56704
15329
31188
463
8756
20261
57204
